Algorithm Brute Divide and Conquer:
[0, 0, 0, 0, 2]
2
[1, 0, 0, 0, 2]
3
[2, 0, 0, 0, 2]
4
[3, 0, 0, 0, 2]
5
[4, 0, 0, 0, 2]
6
[0, 1, 0, 0, 2]
3
[1, 1, 0, 0, 2]
4
[2, 1, 0, 0, 2]
5
[3, 1, 0, 0, 2]
6
[4, 1, 0, 0, 2]
7
[0, 0, 1, 0, 2]
3
[1, 0, 1, 0, 2]
4
[2, 0, 1, 0, 2]
5
[3, 0, 1, 0, 2]
6
[4, 0, 1, 0, 2]
7
[0, 1, 1, 0, 2]
4
[1, 1, 1, 0, 2]
5
[2, 1, 1, 0, 2]
6
[3, 1, 1, 0, 2]
7
[4, 1, 1, 0, 2]
8
[0, 0, 2, 0, 2]
4
[1, 0, 2, 0, 2]
5
[2, 0, 2, 0, 2]
6
[3, 0, 2, 0, 2]
7
[4, 0, 2, 0, 2]
8
[0, 0, 0, 1, 2]
3
[1, 0, 0, 1, 2]
4
[2, 0, 0, 1, 2]
5
[3, 0, 0, 1, 2]
6
[4, 0, 0, 1, 2]
7
[0, 1, 0, 1, 2]
4
[1, 1, 0, 1, 2]
5
[2, 1, 0, 1, 2]
6
[3, 1, 0, 1, 2]
7
[4, 1, 0, 1, 2]
8
[0, 0, 1, 1, 2]
4
[1, 0, 1, 1, 2]
5
[2, 0, 1, 1, 2]
6
[3, 0, 1, 1, 2]
7
[4, 0, 1, 1, 2]
8
[0, 1, 1, 1, 2]
5
[1, 1, 1, 1, 2]
6
[2, 1, 1, 1, 2]
7
[3, 1, 1, 1, 2]
8
[4, 1, 1, 1, 2]
9
[0, 0, 2, 1, 2]
5
[1, 0, 2, 1, 2]
6
[2, 0, 2, 1, 2]
7
[3, 0, 2, 1, 2]
8
[4, 0, 2, 1, 2]
9
[0, 0, 0, 0, 3]
3
[1, 0, 0, 0, 3]
4
[2, 0, 0, 0, 3]
5
[3, 0, 0, 0, 3]
6
[4, 0, 0, 0, 3]
7
[0, 1, 0, 0, 3]
4
[1, 1, 0, 0, 3]
5
[2, 1, 0, 0, 3]
6
[3, 1, 0, 0, 3]
7
[4, 1, 0, 0, 3]
8
[0, 0, 1, 0, 3]
4
[1, 0, 1, 0, 3]
5
[2, 0, 1, 0, 3]
6
[3, 0, 1, 0, 3]
7
[4, 0, 1, 0, 3]
8
[0, 1, 1, 0, 3]
5
[1, 1, 1, 0, 3]
6
[2, 1, 1, 0, 3]
7
[3, 1, 1, 0, 3]
8
[4, 1, 1, 0, 3]
9
[0, 0, 2, 0, 3]
5
[1, 0, 2, 0, 3]
6
[2, 0, 2, 0, 3]
7
[3, 0, 2, 0, 3]
8
[4, 0, 2, 0, 3]
9
[0, 0, 0, 1, 3]
4
[1, 0, 0, 1, 3]
5
[2, 0, 0, 1, 3]
6
[3, 0, 0, 1, 3]
7
[4, 0, 0, 1, 3]
8
[0, 1, 0, 1, 3]
5
[1, 1, 0, 1, 3]
6
[2, 1, 0, 1, 3]
7
[3, 1, 0, 1, 3]
8
[4, 1, 0, 1, 3]
9
[0, 0, 1, 1, 3]
5
[1, 0, 1, 1, 3]
6
[2, 0, 1, 1, 3]
7
[3, 0, 1, 1, 3]
8
[4, 0, 1, 1, 3]
9
[0, 1, 1, 1, 3]
6
[1, 1, 1, 1, 3]
7
[2, 1, 1, 1, 3]
8
[3, 1, 1, 1, 3]
9
[4, 1, 1, 1, 3]
10
[0, 0, 2, 1, 3]
6
[1, 0, 2, 1, 3]
7
[2, 0, 2, 1, 3]
8
[3, 0, 2, 1, 3]
9
[4, 0, 2, 1, 3]
10
[0, 0, 0, 0, 4]
4
[1, 0, 0, 0, 4]
5
[2, 0, 0, 0, 4]
6
[3, 0, 0, 0, 4]
7
[4, 0, 0, 0, 4]
8
[0, 1, 0, 0, 4]
5
[1, 1, 0, 0, 4]
6
[2, 1, 0, 0, 4]
7
[3, 1, 0, 0, 4]
8
[4, 1, 0, 0, 4]
9
[0, 0, 1, 0, 4]
5
[1, 0, 1, 0, 4]
6
[2, 0, 1, 0, 4]
7
[3, 0, 1, 0, 4]
8
[4, 0, 1, 0, 4]
9
[0, 1, 1, 0, 4]
6
[1, 1, 1, 0, 4]
7
[2, 1, 1, 0, 4]
8
[3, 1, 1, 0, 4]
9
[4, 1, 1, 0, 4]
10
[0, 0, 2, 0, 4]
6
[1, 0, 2, 0, 4]
7
[2, 0, 2, 0, 4]
8
[3, 0, 2, 0, 4]
9
[4, 0, 2, 0, 4]
10
[0, 0, 0, 1, 4]
5
[1, 0, 0, 1, 4]
6
[2, 0, 0, 1, 4]
7
[3, 0, 0, 1, 4]
8
[4, 0, 0, 1, 4]
9
[0, 1, 0, 1, 4]
6
[1, 1, 0, 1, 4]
7
[2, 1, 0, 1, 4]
8
[3, 1, 0, 1, 4]
9
[4, 1, 0, 1, 4]
10
[0, 0, 1, 1, 4]
6
[1, 0, 1, 1, 4]
7
[2, 0, 1, 1, 4]
8
[3, 0, 1, 1, 4]
9
[4, 0, 1, 1, 4]
10
[0, 1, 1, 1, 4]
7
[1, 1, 1, 1, 4]
8
[2, 1, 1, 1, 4]
9
[3, 1, 1, 1, 4]
10
[4, 1, 1, 1, 4]
11
[0, 0, 2, 1, 4]
7
[1, 0, 2, 1, 4]
8
[2, 0, 2, 1, 4]
9
[3, 0, 2, 1, 4]
10
[4, 0, 2, 1, 4]
11
[0, 0, 0, 0, 5]
5
[1, 0, 0, 0, 5]
6
[2, 0, 0, 0, 5]
7
[3, 0, 0, 0, 5]
8
[4, 0, 0, 0, 5]
9
[0, 1, 0, 0, 5]
6
[1, 1, 0, 0, 5]
7
[2, 1, 0, 0, 5]
8
[3, 1, 0, 0, 5]
9
[4, 1, 0, 0, 5]
10
[0, 0, 1, 0, 5]
6
[1, 0, 1, 0, 5]
7
[2, 0, 1, 0, 5]
8
[3, 0, 1, 0, 5]
9
[4, 0, 1, 0, 5]
10
[0, 1, 1, 0, 5]
7
[1, 1, 1, 0, 5]
8
[2, 1, 1, 0, 5]
9
[3, 1, 1, 0, 5]
10
[4, 1, 1, 0, 5]
11
[0, 0, 2, 0, 5]
7
[1, 0, 2, 0, 5]
8
[2, 0, 2, 0, 5]
9
[3, 0, 2, 0, 5]
10
[4, 0, 2, 0, 5]
11
[0, 0, 0, 1, 5]
6
[1, 0, 0, 1, 5]
7
[2, 0, 0, 1, 5]
8
[3, 0, 0, 1, 5]
9
[4, 0, 0, 1, 5]
10
[0, 1, 0, 1, 5]
7
[1, 1, 0, 1, 5]
8
[2, 1, 0, 1, 5]
9
[3, 1, 0, 1, 5]
10
[4, 1, 0, 1, 5]
11
[0, 0, 1, 1, 5]
7
[1, 0, 1, 1, 5]
8
[2, 0, 1, 1, 5]
9
[3, 0, 1, 1, 5]
10
[4, 0, 1, 1, 5]
11
[0, 1, 1, 1, 5]
8
[1, 1, 1, 1, 5]
9
[2, 1, 1, 1, 5]
10
[3, 1, 1, 1, 5]
11
[4, 1, 1, 1, 5]
12
[0, 0, 2, 1, 5]
8
[1, 0, 2, 1, 5]
9
[2, 0, 2, 1, 5]
10
[3, 0, 2, 1, 5]
11
[4, 0, 2, 1, 5]
12
[0, 0, 0, 0, 6]
6
Algorithm Greedy:
[0, 0, 0, 0, 2]
2
[1, 0, 0, 0, 2]
3
[2, 0, 0, 0, 2]
4
[3, 0, 0, 0, 2]
5
[4, 0, 0, 0, 2]
6
[0, 1, 0, 0, 2]
3
[1, 1, 0, 0, 2]
4
[2, 1, 0, 0, 2]
5
[3, 1, 0, 0, 2]
6
[4, 1, 0, 0, 2]
7
[0, 0, 1, 0, 2]
3
[1, 0, 1, 0, 2]
4
[2, 0, 1, 0, 2]
5
[3, 0, 1, 0, 2]
6
[4, 0, 1, 0, 2]
7
[0, 1, 1, 0, 2]
4
[1, 1, 1, 0, 2]
5
[2, 1, 1, 0, 2]
6
[3, 1, 1, 0, 2]
7
[4, 1, 1, 0, 2]
8
[0, 0, 2, 0, 2]
4
[1, 0, 2, 0, 2]
5
[2, 0, 2, 0, 2]
6
[3, 0, 2, 0, 2]
7
[4, 0, 2, 0, 2]
8
[0, 0, 0, 1, 2]
3
[1, 0, 0, 1, 2]
4
[2, 0, 0, 1, 2]
5
[3, 0, 0, 1, 2]
6
[4, 0, 0, 1, 2]
7
[0, 1, 0, 1, 2]
4
[1, 1, 0, 1, 2]
5
[2, 1, 0, 1, 2]
6
[3, 1, 0, 1, 2]
7
[4, 1, 0, 1, 2]
8
[0, 0, 1, 1, 2]
4
[1, 0, 1, 1, 2]
5
[2, 0, 1, 1, 2]
6
[3, 0, 1, 1, 2]
7
[4, 0, 1, 1, 2]
8
[0, 1, 1, 1, 2]
5
[1, 1, 1, 1, 2]
6
[2, 1, 1, 1, 2]
7
[3, 1, 1, 1, 2]
8
[4, 1, 1, 1, 2]
9
[0, 0, 2, 1, 2]
5
[1, 0, 2, 1, 2]
6
[2, 0, 2, 1, 2]
7
[3, 0, 2, 1, 2]
8
[4, 0, 2, 1, 2]
9
[0, 0, 0, 0, 3]
3
[1, 0, 0, 0, 3]
4
[2, 0, 0, 0, 3]
5
[3, 0, 0, 0, 3]
6
[4, 0, 0, 0, 3]
7
[0, 1, 0, 0, 3]
4
[1, 1, 0, 0, 3]
5
[2, 1, 0, 0, 3]
6
[3, 1, 0, 0, 3]
7
[4, 1, 0, 0, 3]
8
[0, 0, 1, 0, 3]
4
[1, 0, 1, 0, 3]
5
[2, 0, 1, 0, 3]
6
[3, 0, 1, 0, 3]
7
[4, 0, 1, 0, 3]
8
[0, 1, 1, 0, 3]
5
[1, 1, 1, 0, 3]
6
[2, 1, 1, 0, 3]
7
[3, 1, 1, 0, 3]
8
[4, 1, 1, 0, 3]
9
[0, 0, 2, 0, 3]
5
[1, 0, 2, 0, 3]
6
[2, 0, 2, 0, 3]
7
[3, 0, 2, 0, 3]
8
[4, 0, 2, 0, 3]
9
[0, 0, 0, 1, 3]
4
[1, 0, 0, 1, 3]
5
[2, 0, 0, 1, 3]
6
[3, 0, 0, 1, 3]
7
[4, 0, 0, 1, 3]
8
[0, 1, 0, 1, 3]
5
[1, 1, 0, 1, 3]
6
[2, 1, 0, 1, 3]
7
[3, 1, 0, 1, 3]
8
[4, 1, 0, 1, 3]
9
[0, 0, 1, 1, 3]
5
[1, 0, 1, 1, 3]
6
[2, 0, 1, 1, 3]
7
[3, 0, 1, 1, 3]
8
[4, 0, 1, 1, 3]
9
[0, 1, 1, 1, 3]
6
[1, 1, 1, 1, 3]
7
[2, 1, 1, 1, 3]
8
[3, 1, 1, 1, 3]
9
[4, 1, 1, 1, 3]
10
[0, 0, 2, 1, 3]
6
[1, 0, 2, 1, 3]
7
[2, 0, 2, 1, 3]
8
[3, 0, 2, 1, 3]
9
[4, 0, 2, 1, 3]
10
[0, 0, 0, 0, 4]
4
[1, 0, 0, 0, 4]
5
[2, 0, 0, 0, 4]
6
[3, 0, 0, 0, 4]
7
[4, 0, 0, 0, 4]
8
[0, 1, 0, 0, 4]
5
[1, 1, 0, 0, 4]
6
[2, 1, 0, 0, 4]
7
[3, 1, 0, 0, 4]
8
[4, 1, 0, 0, 4]
9
[0, 0, 1, 0, 4]
5
[1, 0, 1, 0, 4]
6
[2, 0, 1, 0, 4]
7
[3, 0, 1, 0, 4]
8
[4, 0, 1, 0, 4]
9
[0, 1, 1, 0, 4]
6
[1, 1, 1, 0, 4]
7
[2, 1, 1, 0, 4]
8
[3, 1, 1, 0, 4]
9
[4, 1, 1, 0, 4]
10
[0, 0, 2, 0, 4]
6
[1, 0, 2, 0, 4]
7
[2, 0, 2, 0, 4]
8
[3, 0, 2, 0, 4]
9
[4, 0, 2, 0, 4]
10
[0, 0, 0, 1, 4]
5
[1, 0, 0, 1, 4]
6
[2, 0, 0, 1, 4]
7
[3, 0, 0, 1, 4]
8
[4, 0, 0, 1, 4]
9
[0, 1, 0, 1, 4]
6
[1, 1, 0, 1, 4]
7
[2, 1, 0, 1, 4]
8
[3, 1, 0, 1, 4]
9
[4, 1, 0, 1, 4]
10
[0, 0, 1, 1, 4]
6
[1, 0, 1, 1, 4]
7
[2, 0, 1, 1, 4]
8
[3, 0, 1, 1, 4]
9
[4, 0, 1, 1, 4]
10
[0, 1, 1, 1, 4]
7
[1, 1, 1, 1, 4]
8
[2, 1, 1, 1, 4]
9
[3, 1, 1, 1, 4]
10
[4, 1, 1, 1, 4]
11
[0, 0, 2, 1, 4]
7
[1, 0, 2, 1, 4]
8
[2, 0, 2, 1, 4]
9
[3, 0, 2, 1, 4]
10
[4, 0, 2, 1, 4]
11
[0, 0, 0, 0, 5]
5
[1, 0, 0, 0, 5]
6
[2, 0, 0, 0, 5]
7
[3, 0, 0, 0, 5]
8
[4, 0, 0, 0, 5]
9
[0, 1, 0, 0, 5]
6
[1, 1, 0, 0, 5]
7
[2, 1, 0, 0, 5]
8
[3, 1, 0, 0, 5]
9
[4, 1, 0, 0, 5]
10
[0, 0, 1, 0, 5]
6
[1, 0, 1, 0, 5]
7
[2, 0, 1, 0, 5]
8
[3, 0, 1, 0, 5]
9
[4, 0, 1, 0, 5]
10
[0, 1, 1, 0, 5]
7
[1, 1, 1, 0, 5]
8
[2, 1, 1, 0, 5]
9
[3, 1, 1, 0, 5]
10
[4, 1, 1, 0, 5]
11
[0, 0, 2, 0, 5]
7
[1, 0, 2, 0, 5]
8
[2, 0, 2, 0, 5]
9
[3, 0, 2, 0, 5]
10
[4, 0, 2, 0, 5]
11
[0, 0, 0, 1, 5]
6
[1, 0, 0, 1, 5]
7
[2, 0, 0, 1, 5]
8
[3, 0, 0, 1, 5]
9
[4, 0, 0, 1, 5]
10
[0, 1, 0, 1, 5]
7
[1, 1, 0, 1, 5]
8
[2, 1, 0, 1, 5]
9
[3, 1, 0, 1, 5]
10
[4, 1, 0, 1, 5]
11
[0, 0, 1, 1, 5]
7
[1, 0, 1, 1, 5]
8
[2, 0, 1, 1, 5]
9
[3, 0, 1, 1, 5]
10
[4, 0, 1, 1, 5]
11
[0, 1, 1, 1, 5]
8
[1, 1, 1, 1, 5]
9
[2, 1, 1, 1, 5]
10
[3, 1, 1, 1, 5]
11
[4, 1, 1, 1, 5]
12
[0, 0, 2, 1, 5]
8
[1, 0, 2, 1, 5]
9
[2, 0, 2, 1, 5]
10
[3, 0, 2, 1, 5]
11
[4, 0, 2, 1, 5]
12
[0, 0, 0, 0, 6]
6
Algorithm Dynamic:
[0, 0, 0, 0, 2]
2
[1, 0, 0, 0, 2]
3
[2, 0, 0, 0, 2]
4
[3, 0, 0, 0, 2]
5
[4, 0, 0, 0, 2]
6
[0, 1, 0, 0, 2]
3
[1, 1, 0, 0, 2]
4
[2, 1, 0, 0, 2]
5
[3, 1, 0, 0, 2]
6
[4, 1, 0, 0, 2]
7
[0, 0, 1, 0, 2]
3
[1, 0, 1, 0, 2]
4
[2, 0, 1, 0, 2]
5
[3, 0, 1, 0, 2]
6
[4, 0, 1, 0, 2]
7
[0, 1, 1, 0, 2]
4
[1, 1, 1, 0, 2]
5
[2, 1, 1, 0, 2]
6
[3, 1, 1, 0, 2]
7
[4, 1, 1, 0, 2]
8
[0, 0, 2, 0, 2]
4
[1, 0, 2, 0, 2]
5
[2, 0, 2, 0, 2]
6
[3, 0, 2, 0, 2]
7
[4, 0, 2, 0, 2]
8
[0, 0, 0, 1, 2]
3
[1, 0, 0, 1, 2]
4
[2, 0, 0, 1, 2]
5
[3, 0, 0, 1, 2]
6
[4, 0, 0, 1, 2]
7
[0, 1, 0, 1, 2]
4
[1, 1, 0, 1, 2]
5
[2, 1, 0, 1, 2]
6
[3, 1, 0, 1, 2]
7
[4, 1, 0, 1, 2]
8
[0, 0, 1, 1, 2]
4
[1, 0, 1, 1, 2]
5
[2, 0, 1, 1, 2]
6
[3, 0, 1, 1, 2]
7
[4, 0, 1, 1, 2]
8
[0, 1, 1, 1, 2]
5
[1, 1, 1, 1, 2]
6
[2, 1, 1, 1, 2]
7
[3, 1, 1, 1, 2]
8
[4, 1, 1, 1, 2]
9
[0, 0, 2, 1, 2]
5
[1, 0, 2, 1, 2]
6
[2, 0, 2, 1, 2]
7
[3, 0, 2, 1, 2]
8
[4, 0, 2, 1, 2]
9
[0, 0, 0, 0, 3]
3
[1, 0, 0, 0, 3]
4
[2, 0, 0, 0, 3]
5
[3, 0, 0, 0, 3]
6
[4, 0, 0, 0, 3]
7
[0, 1, 0, 0, 3]
4
[1, 1, 0, 0, 3]
5
[2, 1, 0, 0, 3]
6
[3, 1, 0, 0, 3]
7
[4, 1, 0, 0, 3]
8
[0, 0, 1, 0, 3]
4
[1, 0, 1, 0, 3]
5
[2, 0, 1, 0, 3]
6
[3, 0, 1, 0, 3]
7
[4, 0, 1, 0, 3]
8
[0, 1, 1, 0, 3]
5
[1, 1, 1, 0, 3]
6
[2, 1, 1, 0, 3]
7
[3, 1, 1, 0, 3]
8
[4, 1, 1, 0, 3]
9
[0, 0, 2, 0, 3]
5
[1, 0, 2, 0, 3]
6
[2, 0, 2, 0, 3]
7
[3, 0, 2, 0, 3]
8
[4, 0, 2, 0, 3]
9
[0, 0, 0, 1, 3]
4
[1, 0, 0, 1, 3]
5
[2, 0, 0, 1, 3]
6
[3, 0, 0, 1, 3]
7
[4, 0, 0, 1, 3]
8
[0, 1, 0, 1, 3]
5
[1, 1, 0, 1, 3]
6
[2, 1, 0, 1, 3]
7
[3, 1, 0, 1, 3]
8
[4, 1, 0, 1, 3]
9
[0, 0, 1, 1, 3]
5
[1, 0, 1, 1, 3]
6
[2, 0, 1, 1, 3]
7
[3, 0, 1, 1, 3]
8
[4, 0, 1, 1, 3]
9
[0, 1, 1, 1, 3]
6
[1, 1, 1, 1, 3]
7
[2, 1, 1, 1, 3]
8
[3, 1, 1, 1, 3]
9
[4, 1, 1, 1, 3]
10
[0, 0, 2, 1, 3]
6
[1, 0, 2, 1, 3]
7
[2, 0, 2, 1, 3]
8
[3, 0, 2, 1, 3]
9
[4, 0, 2, 1, 3]
10
[0, 0, 0, 0, 4]
4
[1, 0, 0, 0, 4]
5
[2, 0, 0, 0, 4]
6
[3, 0, 0, 0, 4]
7
[4, 0, 0, 0, 4]
8
[0, 1, 0, 0, 4]
5
[1, 1, 0, 0, 4]
6
[2, 1, 0, 0, 4]
7
[3, 1, 0, 0, 4]
8
[4, 1, 0, 0, 4]
9
[0, 0, 1, 0, 4]
5
[1, 0, 1, 0, 4]
6
[2, 0, 1, 0, 4]
7
[3, 0, 1, 0, 4]
8
[4, 0, 1, 0, 4]
9
[0, 1, 1, 0, 4]
6
[1, 1, 1, 0, 4]
7
[2, 1, 1, 0, 4]
8
[3, 1, 1, 0, 4]
9
[4, 1, 1, 0, 4]
10
[0, 0, 2, 0, 4]
6
[1, 0, 2, 0, 4]
7
[2, 0, 2, 0, 4]
8
[3, 0, 2, 0, 4]
9
[4, 0, 2, 0, 4]
10
[0, 0, 0, 1, 4]
5
[1, 0, 0, 1, 4]
6
[2, 0, 0, 1, 4]
7
[3, 0, 0, 1, 4]
8
[4, 0, 0, 1, 4]
9
[0, 1, 0, 1, 4]
6
[1, 1, 0, 1, 4]
7
[2, 1, 0, 1, 4]
8
[3, 1, 0, 1, 4]
9
[4, 1, 0, 1, 4]
10
[0, 0, 1, 1, 4]
6
[1, 0, 1, 1, 4]
7
[2, 0, 1, 1, 4]
8
[3, 0, 1, 1, 4]
9
[4, 0, 1, 1, 4]
10
[0, 1, 1, 1, 4]
7
[1, 1, 1, 1, 4]
8
[2, 1, 1, 1, 4]
9
[3, 1, 1, 1, 4]
10
[4, 1, 1, 1, 4]
11
[0, 0, 2, 1, 4]
7
[1, 0, 2, 1, 4]
8
[2, 0, 2, 1, 4]
9
[3, 0, 2, 1, 4]
10
[4, 0, 2, 1, 4]
11
[0, 0, 0, 0, 5]
5
[1, 0, 0, 0, 5]
6
[2, 0, 0, 0, 5]
7
[3, 0, 0, 0, 5]
8
[4, 0, 0, 0, 5]
9
[0, 1, 0, 0, 5]
6
[1, 1, 0, 0, 5]
7
[2, 1, 0, 0, 5]
8
[3, 1, 0, 0, 5]
9
[4, 1, 0, 0, 5]
10
[0, 0, 1, 0, 5]
6
[1, 0, 1, 0, 5]
7
[2, 0, 1, 0, 5]
8
[3, 0, 1, 0, 5]
9
[4, 0, 1, 0, 5]
10
[0, 1, 1, 0, 5]
7
[1, 1, 1, 0, 5]
8
[2, 1, 1, 0, 5]
9
[3, 1, 1, 0, 5]
10
[4, 1, 1, 0, 5]
11
[0, 0, 2, 0, 5]
7
[1, 0, 2, 0, 5]
8
[2, 0, 2, 0, 5]
9
[3, 0, 2, 0, 5]
10
[4, 0, 2, 0, 5]
11
[0, 0, 0, 1, 5]
6
[1, 0, 0, 1, 5]
7
[2, 0, 0, 1, 5]
8
[3, 0, 0, 1, 5]
9
[4, 0, 0, 1, 5]
10
[0, 1, 0, 1, 5]
7
[1, 1, 0, 1, 5]
8
[2, 1, 0, 1, 5]
9
[3, 1, 0, 1, 5]
10
[4, 1, 0, 1, 5]
11
[0, 0, 1, 1, 5]
7
[1, 0, 1, 1, 5]
8
[2, 0, 1, 1, 5]
9
[3, 0, 1, 1, 5]
10
[4, 0, 1, 1, 5]
11
[0, 1, 1, 1, 5]
8
[1, 1, 1, 1, 5]
9
[2, 1, 1, 1, 5]
10
[3, 1, 1, 1, 5]
11
[4, 1, 1, 1, 5]
12
[0, 0, 2, 1, 5]
8
[1, 0, 2, 1, 5]
9
[2, 0, 2, 1, 5]
10
[3, 0, 2, 1, 5]
11
[4, 0, 2, 1, 5]
12
[0, 0, 0, 0, 6]
6
